051412031605
05141223
05145243
05147263
051472636574635435631223
25141203142332140523
251412231625526325346354
25141223162552632534615233120223
251412236574524374637254
25143243140312234554413216255263564563746756
2514324314035263
2514524345541203
251452434554415214035263162563453654
251452434554415214035263564563746756
251452434554615214035263162563453654
25145243455461523645
2514524365741203775203251634
251452436574435446637254
25145243657443544663725414036152162570612514
25145243455441521403526316256345
2514526316256354
25145263162563744554
251452631423
251452633625
2514526336256152
2514526336256374
2514526334233314042313344423635464432112
2514526345343223173243455634
251452636554324355322143
25145263655461521625
25145263655461521625122314036374
2514526365546152162512231403637425145263
2514526365546152162512231403231404233314
251452636554615216253223
251452636554615216253243
251452636554615216255243
2514526365546152162552430716
2514526365546152162552431403
251452636554615216256374546373547554
2514526365741203775203251634
253412031625
253412033423
253412033423321405235263162561526574635446637254
253412033423321405235263162561526554637425345263231201233612031412011405
2534120334233214052352631625615265546374253452632312012334124132
2534120334233214052352631625615265546374253452632312012334122132
253412034554
253412036554
253412036554615216251223
2534122335120123
25343223162521320716
25343223162521322514120333120121
25343223162521322514524335526143
253432231625213225145243355261431403706104213012
25343223162521326554
2534322316254132
25343223162552632514
253432231625526325141203
253432231625526325146152
25343223162552636554
253432233625
25343223362552632514
2534322336255263251463741332242515341203
25343223362552636574635446637254566523456543122343322143253443251856
253432236554213234435234
253432236574
25343243162541324554
25343243162541326574
253432431625413265745041
253432431625413265745041
253432431625413265747263
253432436554
2534524335524163
25345243355261430514
2534526316254152
2534526316256152071632236574
2534526316256152251411233412
2534526316256152251412033423
25345263162563742514324335526143
25345263162563742514324333524263
253452631625637425147263
2534526316256374251472631423321404232132
2534526316256374251461523423
253452633625
2534526334233314042313344423635464432112
2534526365546152162563745463
253452636554615216257061
253452636574
253472631625
253472631625
253472636554
253472636554
253472636574
45341223
45345243
45345263
453452633645
453472636574
455452632514
455452633645
455452633645
45545263544332546543
65541203
65543223
655452432534
6554524356656152657444657756
655452437665
655452632534615276651203
65545263253461527665637434233214062312344523
65741203
65741223
657452434534415236457263473612035665
65745263